[bcubes.jpg]
filters=Soften=1,50.292397,0.000000;
moddate=00cacc5f7988ce01
width=1024
height=768
textactive=0
